4.307193396226415416e+01
6.270636792452830122e+01
6.674528301886792292e+01
6.919221698113207708e+01
7.057783018867924341e+01
7.255306603773584584e+01
7.270047169811320487e+01
7.346698113207547465e+01
7.393867924528301216e+01
7.435141509433962881e+01
7.452830188679244827e+01
7.553066037735848681e+01
7.600235849056603854e+01
7.594339622641508925e+01
7.629716981132075659e+01
7.614976415094339757e+01
7.688679245283019270e+01
7.747641509433962881e+01
7.732900943396226978e+01
7.800707547169811562e+01
7.712264150943396146e+01
7.777122641509433265e+01
7.871462264150943611e+01
7.906839622641508925e+01
7.809551886792452535e+01
7.833136792452830832e+01
7.812500000000000000e+01
7.850825471698112779e+01
7.815448113207547465e+01
7.924528301886792292e+01
7.918632075471698784e+01
7.886202830188679513e+01
7.933372641509433265e+01
7.962853773584905070e+01
7.956957547169811562e+01
7.948113207547169168e+01
7.900943396226415416e+01
7.983490566037735903e+01
7.980542452830188438e+01
7.974646226415094930e+01
8.060141509433962881e+01
8.007075471698112779e+01
8.001179245283019270e+01
8.080778301886792292e+01
8.001179245283019270e+01
8.024764150943396146e+01
8.045400943396226978e+01
7.915683962264151319e+01
8.042452830188679513e+01
8.004127358490566735e+01
3.840144230769230660e+01
5.967548076923076650e+01
6.493389423076922640e+01
6.754807692307691980e+01
6.932091346153846700e+01
7.019230769230769340e+01
7.148437500000000000e+01
7.127403846153846700e+01
7.304687500000000000e+01
7.280649038461538680e+01
7.436899038461538680e+01
7.400841346153846700e+01
7.539062500000000000e+01
7.551081730769230660e+01
7.641225961538461320e+01
7.635216346153846700e+01
7.695312500000000000e+01
7.758413461538461320e+01
7.626201923076922640e+01
7.695312500000000000e+01
7.791466346153846700e+01
7.818509615384616041e+01
7.851562500000000000e+01
7.866586538461538680e+01
7.857572115384616041e+01
7.788461538461538680e+01
7.827524038461538680e+01
7.902644230769230660e+01
7.917668269230769340e+01
7.965745192307691980e+01
7.902644230769230660e+01
7.956730769230769340e+01
7.893629807692308020e+01
8.061899038461538680e+01
8.034855769230769340e+01
8.055889423076922640e+01
8.004807692307691980e+01
8.007812500000000000e+01
8.019831730769230660e+01
8.070913461538461320e+01
8.028846153846153300e+01
8.097956730769230660e+01
8.046875000000000000e+01
8.025841346153846700e+01
8.128004807692308020e+01
8.067908653846153300e+01
8.134014423076922640e+01
8.118990384615383959e+01
8.200120192307691980e+01
8.125000000000000000e+01
3.313679245283018560e+01
5.489386792452830122e+01
6.394457547169811562e+01
6.621462264150943611e+01
6.818985849056603854e+01
6.860259433962264097e+01
6.969339622641508925e+01
7.007665094339623124e+01
7.122641509433962881e+01
7.155070754716980730e+01
7.199292452830188438e+01
7.334905660377359027e+01
7.379127358490566735e+01
7.458726415094339757e+01
7.411556603773584584e+01
7.626768867924528195e+01
7.650353773584905070e+01
7.765330188679244827e+01
7.670990566037735903e+01
7.638561320754716633e+01
7.741745283018867951e+01
7.729952830188679513e+01
7.859669811320755173e+01
7.836084905660376876e+01
7.912735849056603854e+01
7.821344339622640973e+01
7.927476415094339757e+01
7.892099056603773022e+01
7.945165094339623124e+01
7.983490566037735903e+01
8.007075471698112779e+01
7.936320754716980730e+01
8.030660377358491075e+01
8.057193396226415416e+01
8.060141509433962881e+01
8.086674528301887221e+01
8.048349056603773022e+01
8.066037735849056389e+01
8.089622641509433265e+01
8.116155660377359027e+01
8.101415094339623124e+01
8.116155660377359027e+01
8.086674528301887221e+01
8.104363207547169168e+01
8.074882075471698784e+01
8.175117924528301216e+01
8.163325471698112779e+01
8.192806603773584584e+01
8.139740566037735903e+01
8.192806603773584584e+01
2.887620192307692335e+01
5.423677884615384670e+01
6.361177884615384670e+01
6.574519230769230660e+01
6.896033653846153300e+01
6.944110576923077360e+01
7.091346153846153300e+01
7.229567307692308020e+01
7.304687500000000000e+01
7.394831730769230660e+01
7.493990384615383959e+01
7.451923076923077360e+01
7.463942307692308020e+01
7.557091346153846700e+01
7.560096153846153300e+01
7.563100961538461320e+01
7.638221153846153300e+01
7.701322115384616041e+01
7.695312500000000000e+01
7.689302884615383959e+01
7.770432692307691980e+01
7.740384615384616041e+01
7.914663461538461320e+01
7.860576923076922640e+01
7.806490384615383959e+01
7.902644230769230660e+01
7.821514423076922640e+01
7.968750000000000000e+01
7.893629807692308020e+01
7.962740384615383959e+01
7.896634615384616041e+01
8.013822115384616041e+01
7.935697115384616041e+01
7.992788461538461320e+01
7.956730769230769340e+01
8.037860576923077360e+01
8.040865384615383959e+01
7.965745192307691980e+01
8.037860576923077360e+01
8.010817307692308020e+01
8.040865384615383959e+01
8.022836538461538680e+01
7.983774038461538680e+01
8.058894230769230660e+01
8.082932692307691980e+01
8.046875000000000000e+01
8.125000000000000000e+01
8.019831730769230660e+01
8.137019230769230660e+01
8.058894230769230660e+01
3.239976415094339757e+01
5.359669811320754462e+01
5.893278301886792292e+01
6.314858490566037830e+01
6.468160377358491075e+01
6.565448113207547465e+01
6.748231132075471805e+01
6.727594339622640973e+01
6.760023584905660243e+01
6.872051886792452535e+01
6.916273584905660243e+01
7.040094339622640973e+01
7.122641509433962881e+01
7.175707547169811562e+01
7.296580188679244827e+01
7.443985849056603854e+01
7.361438679245283367e+01
7.482311320754716633e+01
7.558962264150943611e+01
7.629716981132075659e+01
7.567806603773584584e+01
7.676886792452830832e+01
7.629716981132075659e+01
7.676886792452830832e+01
7.724056603773584584e+01
7.700471698113207708e+01
7.783018867924528195e+01
7.715212264150943611e+01
7.788915094339623124e+01
7.762382075471698784e+01
7.862617924528301216e+01
7.794811320754716633e+01
7.836084905660376876e+01
7.886202830188679513e+01
7.794811320754716633e+01
7.912735849056603854e+01
7.880306603773584584e+01
7.906839622641508925e+01
7.900943396226415416e+01
7.921580188679244827e+01
7.980542452830188438e+01
7.948113207547169168e+01
7.924528301886792292e+01
7.906839622641508925e+01
8.010023584905660243e+01
7.909787735849056389e+01
8.004127358490566735e+01
7.998231132075471805e+01
8.086674528301887221e+01
7.959905660377359027e+01
2.229567307692307665e+01
4.480168269230769340e+01
5.531850961538461320e+01
5.889423076923076650e+01
6.132812500000000000e+01
6.310096153846154010e+01
6.412259615384616041e+01
6.508413461538461320e+01
6.760817307692308020e+01
6.871995192307691980e+01
6.923076923076922640e+01
7.016225961538461320e+01
7.052283653846153300e+01
7.061298076923077360e+01
7.121394230769230660e+01
7.151442307692308020e+01
7.313701923076922640e+01
7.232572115384616041e+01
7.289663461538461320e+01
7.391826923076922640e+01
7.316706730769230660e+01
7.325721153846153300e+01
7.358774038461538680e+01
7.442908653846153300e+01
7.424879807692308020e+01
7.527043269230769340e+01
7.454927884615383959e+01
7.557091346153846700e+01
7.617187500000000000e+01
7.632211538461538680e+01
7.677283653846153300e+01
7.743389423076922640e+01
7.704326923076922640e+01
7.761418269230769340e+01
7.812500000000000000e+01
7.890625000000000000e+01
7.713341346153846700e+01
7.767427884615383959e+01
7.911658653846153300e+01
7.914663461538461320e+01
7.941706730769230660e+01
7.842548076923077360e+01
7.932692307692308020e+01
7.914663461538461320e+01
7.935697115384616041e+01
7.914663461538461320e+01
7.965745192307691980e+01
7.926682692307691980e+01
7.965745192307691980e+01
7.980769230769230660e+01
