2.782688204815605104e+01
3.740729452402722899e+01
4.318805242304175351e+01
4.763791526973484025e+01
5.027938636594534216e+01
5.330691862237122791e+01
5.421111449761251322e+01
5.638524839987808690e+01
5.706593518236309848e+01
5.813268312506349389e+01
5.841714924311693835e+01
5.885400792441328832e+01
6.003251041349182060e+01
6.074367570862541754e+01
6.046936909478817768e+01
6.091638728030071803e+01
6.100782281824646702e+01
6.102814182667885490e+01
6.078431372549019329e+01
6.145484100375901448e+01
6.137356497002946298e+01
6.146500050797521197e+01
6.145484100375901448e+01
6.170882860916387358e+01
6.182058315554201045e+01
6.220664431575739428e+01
6.208473026516305993e+01
6.320227572894442858e+01
6.317179721629584321e+01
6.314131870364726495e+01
6.356801788072741743e+01
6.400487656202376741e+01
6.428934268007721187e+01
6.439093772223915835e+01
6.437061871380676337e+01
6.473636086558975933e+01
6.424870466321243612e+01
6.445189474753631487e+01
6.548816417758813202e+01
6.556944021131768352e+01
6.580310880829016185e+01
6.602661790104643558e+01
6.614853195164076283e+01
6.611805343899217746e+01
6.612821294320836785e+01
6.663618815401808604e+01
6.746926749974601023e+01
6.709336584374682388e+01
6.734735344915168298e+01
6.742862948288123448e+01
