2.805039114091232477e+01
4.365538961698668885e+01
4.557553591384740344e+01
4.849131362389515232e+01
5.003555826475668056e+01
5.108198719902468810e+01
5.255511531037285522e+01
5.340851366453316729e+01
5.400792441328863447e+01
5.543025500355582835e+01
5.718784923295743283e+01
5.757391039317281667e+01
5.790917403230722016e+01
5.864065833587321208e+01
5.868129635273798783e+01
5.933150462257442115e+01
5.947373768160113627e+01
5.971756578278979788e+01
6.034745504419384332e+01
6.106877984354363775e+01
6.134308645738087762e+01
6.184090216397439832e+01
6.160723356700192710e+01
6.189169968505537156e+01
6.188154018083917407e+01
6.198313522300112055e+01
6.247079142537844376e+01
6.217616580310880892e+01
6.267398150970232962e+01
6.311084019099867959e+01
6.322259473737681645e+01
6.372041044397033716e+01
6.360865589759220029e+01
6.435029970537438260e+01
6.474652036980594971e+01
6.530529310169663404e+01
6.482779640353550121e+01
6.466524433607639821e+01
6.544752616072335627e+01
6.605709641369500673e+01
6.670730468353144715e+01
6.691049476785532590e+01
6.763181956720512744e+01
6.773341460936705971e+01
6.735751295336787337e+01
6.827186833282536327e+01
6.833282535812251979e+01
6.857665345931118850e+01
6.842426089606827588e+01
6.893223610687797986e+01
