3.488542069862415218e+00
3.309216881727243376e+00
3.278772320066179358e+00
3.253333186948454081e+00
3.236749077772165251e+00
3.227636791668929028e+00
3.210554709682216679e+00
3.201567359558947778e+00
3.193527058347479297e+00
3.182595253764808785e+00
3.165122383600705636e+00
3.160332497064169299e+00
3.156350146640430676e+00
3.148955132280077063e+00
3.146987365437792672e+00
3.140700737377265739e+00
3.139199793338775635e+00
3.136717570292485213e+00
3.130681398627046086e+00
3.124345671820950354e+00
3.120701659809459461e+00
3.115067935609198368e+00
3.118462053986339022e+00
3.114369041733927368e+00
3.115637152225940287e+00
3.113811126777104032e+00
3.108636991544203365e+00
3.111535044459553312e+00
3.107513241179577612e+00
3.103910544475951827e+00
3.101380824268638481e+00
3.095927235368010066e+00
3.098204483459522152e+00
3.090676762066878247e+00
3.087263961116988753e+00
3.081821744318132161e+00
3.084809681037803841e+00
3.088046985787230803e+00
3.079133933240717269e+00
3.074365904578914677e+00
3.068070513087433504e+00
3.065389302643862557e+00
3.060521579408026493e+00
3.058915005101785933e+00
3.060397949311640442e+00
3.051587876561399959e+00
3.052153215779886519e+00
3.049962502021294153e+00
3.050658630086230172e+00
3.046580802310596692e+00
