2.482875224444773377e+00
1.762544548356687946e+00
1.497793817481437362e+00
1.337574692902626872e+00
1.252790702821372282e+00
1.158096278062114459e+00
1.072289866092917210e+00
1.014508711633744120e+00
9.799523860603184255e-01
9.387465882804486572e-01
8.974947785208751139e-01
8.634787810990562917e-01
8.344841747508420227e-01
8.178927349773320588e-01
7.968535369092767384e-01
7.605462411974931447e-01
7.572131165629857330e-01
7.371584377312040415e-01
7.152845622463659403e-01
7.058138626252675740e-01
7.029407103727389750e-01
6.751888638676760701e-01
6.698547781674892843e-01
6.675487189227110596e-01
6.500784343519767638e-01
6.345881191747528849e-01
6.443595688354659679e-01
6.205356151059076009e-01
6.209750092261797638e-01
6.140633167868311260e-01
6.062887911866237101e-01
6.057546138763427734e-01
5.845621081141681996e-01
5.853719841446969330e-01
5.730063255827921864e-01
5.767591953180827291e-01
5.692291987890546467e-01
5.639367300001058014e-01
5.501405561415405598e-01
5.441380427158498678e-01
5.482550880254862813e-01
5.485064612774105397e-01
5.333327626833668234e-01
5.355660648556885839e-01
5.291590265349134237e-01
5.194944404065608978e-01
5.223280104820604564e-01
5.058085608791995647e-01
5.033966182888328644e-01
5.015917550046722351e-01
