2.109152905642986298e+00
1.864443287253379822e+00
1.798604860901832581e+00
1.780365351587533951e+00
1.771480057388544083e+00
1.745888989418745041e+00
1.739428404718637466e+00
1.728130970150232315e+00
1.729422777891159058e+00
1.714231740683317184e+00
1.722996424883604050e+00
1.699660304933786392e+00
1.714498832821846008e+00
1.706664845347404480e+00
1.697637896984815598e+00
1.694219447672367096e+00
1.691048685461282730e+00
1.683049835264682770e+00
1.683803185820579529e+00
1.670655038207769394e+00
