3.906289150588824555e+01
6.314206965672763516e+01
6.780255575043848637e+01
6.882986720120270263e+01
6.975695314457529150e+01
7.228764720621397544e+01
7.283888749686795450e+01
7.396642445502379815e+01
7.406664996241543975e+01
7.551991981959409372e+01
7.466800300676521829e+01
7.662240040090202342e+01
7.554497619644199347e+01
7.551991981959409372e+01
7.649711851666249629e+01
7.689802054622902006e+01
7.742420446003508516e+01
7.865196692558255620e+01
7.785016286644950867e+01
7.922826359308443500e+01
