3.740729452402722899e+01
5.251447729350807947e+01
5.857970131057604135e+01
6.225744183683836042e+01
6.416742862948288462e+01
6.628060550645128046e+01
6.886111957736461875e+01
7.038504520979375911e+01
7.100477496698161417e+01
7.191913034643908986e+01
7.329066341562531761e+01
7.441836838362287665e+01
7.449964441735242815e+01
7.536320227572893771e+01
7.587117748653865590e+01
7.681601137864471696e+01
7.677537336177994121e+01
7.796403535507467097e+01
7.791323783399370484e+01
7.811642791831758359e+01
7.835009651529004771e+01
7.921365437366657147e+01
7.908158081885603963e+01
7.962003454231432897e+01
7.993497917301635880e+01
7.999593619831351532e+01
7.979274611398963657e+01
8.094077009041959059e+01
8.055470893020419965e+01
8.088997256933861024e+01
8.074773951031190222e+01
8.113380067052727895e+01
8.180432794879610015e+01
8.149954282231027491e+01
8.229198415117342336e+01
8.213959158793051074e+01
8.250533373971350670e+01
8.257645026922686782e+01
8.264756679874021472e+01
8.292187341257746880e+01
8.257645026922686782e+01
8.231230315960581834e+01
8.282027837041552232e+01
8.296251142944224455e+01
8.350096515290053389e+01
8.342984862338717278e+01
8.319618002641470866e+01
8.353144366554911926e+01
8.374479325408920261e+01
8.374479325408920261e+01
